
state={
	id=72
	name="STATE_72"
	resources={
		tungsten=1.000
	}

	history={
		owner = CHI
		victory_points = {
			11771 3 
		}
		buildings = {
			infrastructure = 4
			industrial_complex = 2
			arms_factory = 1
			dockyard = 1
			9835 = {
				naval_base = 8
			}
			air_base = 0

		}
		add_core_of = CHI
		add_claim_by = MAN
	}

	provinces={
		783 800 836 846 861 887 892 916 927 930 944 945 946 964 973 987 1567 1571 3783 3791 3815 3839 3849 3888 3895 3913 3929 3932 3934 3944 3947 3949 3970 4503 4551 4572 4642 5427 6804 6806 6811 6837 6860 6863 6868 6893 6905 6910 6918 6947 6951 6964 6981 7523 7569 7591 7652 7663 7670 9623 9759 9766 9781 9782 9788 9798 9803 9831 9835 9841 9848 9854 9866 9883 9885 9897 9913 9928 10215 10376 10433 10463 10503 10519 10521 11744 11764 11771 11781 11808 11815 11823 11836 11850 11862 11864 11886 11893 11906 12342 12355 12412 12443 12482 12500 
	}
	manpower=9473648
	buildings_max_level_factor=1.000
	state_category=megalopolis
}
